layers
4
Hidden Bias
-5.9260761780101605 -5.634001217696892 -5.537705944504702 -7.279585854890493 -6.231315663354072 -5.607116236930826 -6.649143629517231 -6.070112520421723 -6.960348606905419 ;-5.798586211691563 -7.093423745225739 -7.131271082137478 -7.033401878342963 -6.276179159650467 -6.0993645835326005 -5.84839141232344 -6.772947936670721 -5.842570821086967 ;
Outer Bias
-6.995003049101585 
Hidden Weights
7.666687959420894 1.8191077698493576 3.8854482776223773 -6.2247383932649285 10.377781848123647 1.4828722706063957 -3.120193063327522 -6.010889542390171 ,-0.7324111399590123 1.2499759010594174 11.316612981417112 -0.46668218296065145 10.32286804588799 -1.9629889831198375 -1.5835981387985032 0.9549837591089831 ,5.014674282573945 3.517031814451705 11.680806915298774 3.049579259087561 9.081367765169198 7.760998822115884 7.268137606466524 10.574720027497097 ,0.2778199152990031 0.5840572337908055 0.2068491740357011 -1.0689614226276571 1.0204165848173474 0.6145786458799569 -0.1139589165075001 0.8742140078560167 ,-1.5611526423201147 10.206124512603342 5.813250541415192 -3.9530512325348575 14.067835764719351 -5.003573832832313 8.301970989466628 5.640887351192478 ,6.095531612771716 3.8231347729097624 11.536651957620485 7.849420991435631 7.710289753746544 9.29855454798468 9.307337179383113 11.28993419870359 ,-0.25835448599339433 1.2146851396890197 15.965303758034572 2.3598294695506725 8.586542343447288 0.943843223222319 0.48032876262154334 9.158633025619016 ,6.396457323071988 2.999754275473595 11.803437721382323 -0.991705577776735 9.425085677219336 7.099463957375861 5.725367340878313 10.826943860114769 ,-0.10811409003318936 -0.7217388495728664 1.4069095972099457 -0.0865485175117611 0.4818225624711648 -0.4667453867334619 -0.05795509652326482 -0.49663171276078555 ,;10.287717927322651 10.501001526281167 11.57624306367005 11.867851718720912 10.663511507516928 11.445083006449925 11.190889114165978 11.039307324021467 ,0.9440649154247664 0.36325604912629417 0.8472360240035663 0.15616179900495278 0.9380793727496295 0.49401706846497284 0.9597128607349044 -0.37599385000553254 ,0.8564470563395304 -0.6188682846399535 0.7778418896866278 0.3233166694925984 -0.6397127745914758 1.2041358190508546 -0.3740850106343271 1.189732074203473 ,0.2436665066376453 -1.0218167214658989 0.6552330223450172 -0.6375555512959387 0.038227890773374004 -0.41094304043973406 0.23307192513998692 -0.8732603638542075 ,-0.4778818327133195 -1.0724017667462844 -0.7697895532956169 -0.4644044021373682 -0.9857573095018024 0.6350582269576004 0.06368303829088046 -0.8135353781476182 ,-0.377995204824172 0.18874100680440217 1.4425882281179834 -0.38824545324081267 0.16766520767869228 0.13726289796684313 0.36712993685370815 0.8402367298112016 ,1.1797946654145166 -0.3695418592447901 0.29968171351399264 0.17759538630805116 -0.0198540513333248 -0.4927274544618735 1.1541946270996144 0.9002228291787723 ,-0.4753885636698243 -0.6853583856074398 0.6075747481532535 0.15039406934674887 -0.7122847164133607 -0.5610850941309856 1.1329986808843566 0.27422708025026776 ,0.1414202196130078 0.382203144680884 -0.07590061245279346 -0.9783083985566575 -1.0093591778669275 -1.1076314978181585 -0.46115313241420886 0.7841481443735397 ,;
Out Weights
256.12764580596155 33.304800198251954 78.97086010056623 0.5327609560713441 159.0896348289422 93.90556419062192 39.641126082423405 75.12176081782535 -1.2476034395708286 
Training Error
5.956228727736539 0.7122204446938736 0.2732962401554913 0.18187205787731844 0.13707459168031177 0.10170858879002286 0.07463233672852682 0.056864385680407484 0.04703121550195243 0.042005577959843846 0.03927812651451507 0.03756295844740476 0.036319376586418206 0.035331370441646665 0.03450929077115536 0.033811425400454766 0.033214364704007425 0.03270196668223189 0.03226135607781093 0.03188154305367645 0.03155296543804441 0.031267317155763384 0.031017440599858337 0.030797218573169582 0.030601456465061058 0.030425760831146564 0.030266422205721778 0.030120307748905378 0.029984766714312223 0.029857549707994716 0.029736741399314037 0.029620705590770558 0.02950804118094931 0.02939754742316249 0.02928819689681408 0.02917911470813435 0.029069562584611953 0.028958926699540158 0.02884670824466393 0.028732515947697317 0.028616059897207453 0.028497146177367032 0.028375671913661943 0.028251620363988355 0.028125055620748136 0.027996116262428445 0.02786500682745381 0.027731985190785992 0.027597342782899922 0.027461373376552394 0.0273243259846293 0.02718634104792438 0.027047381263053193 0.02690719197634938 0.026765349345564723 0.026621437886632935 0.02647530540406549 0.026327232252656162 0.026177879386849612 0.0260280632343953 0.025878530311462103 0.0257298449487063 0.025582383385080013 0.025436376769030378 0.025291959340294535 0.025149204723921684 0.02500814890707441 0.024868803491173985 0.024731162953398333 0.024595208526641578 0.024460910260973214 0.024328228133964094 0.02419711267196373 0.024067505322508835 0.023939338699915564 0.02381253676351209 0.023687014954666023 0.023562680300962254 0.023439431486219187 0.023317158880212126 0.023195744519575182 0.02307506203050753 0.022954976483956793 0.022835344174352255 0.022716012313554787 0.022596818632404602 0.022477590882773728 0.02235814623367204 0.02223829055544131 0.022117817586573486 0.021996507978432514 0.021874128213952394 0.021750429397687943 0.021625145916468254 0.021497993972632842 0.021368669995747012 0.021236848944358445 0.02110218251711402 0.020964297303383103 0.02082279291818583 0.020677240185910897 0.02052717946344081 0.02037211922766997 0.020211535096896726 0.020044869512482386 0.019871532378894937 0.01969090304865027 0.019502334145159193 0.019305157840117954 0.019098695338988125 0.01888227046790775 0.018655228378970688 0.018416960464847216 0.018166936546492703 0.017904745193939992 0.017630142560068673 0.017343109233150796 0.017043913231721042 0.016733175310427457 0.016411930278342618 0.016081675339211263 0.015744394158022937 0.015402544405059962 0.015058998103707689 0.01471692919888791 0.014379651524106614 0.014050421455450822 0.013732230023404958 0.013427615228867 0.013138523681496697 0.012866240970847013 0.012611395273572072 0.012374023691253191 0.01215368054695426 0.011949563708531879 0.011760638216163704 0.011585743306600895 0.011423676295272555 0.01127325262601137 0.011133344972005615 0.011002905791485803 0.010880977858220274 0.01076669666523201 0.010659287726080529 0.010558060950326307 0.010462403569456654 0.010371772562853715 0.010285687161750979 0.010203721759012713 0.010125499390663744 0.010050685854030133 0.009978984466873854 0.009910131437603012 0.009843891799005435 0.009780055850540263 0.009718436052966066 0.009658864321297783 0.009601189666201604 0.009545276138842254 0.009491001039295007 0.009438253353613348 0.009386932389206662 0.009336946582352828 0.009288212455288733 0.009240653703554376 0.009194200396969826 0.009148788279995226 0.009104358159215321 0.009060855367354558 0.009018229294684424 0.008976432979838491 0.008935422753089063 0.008895157925972147 0.008855600521857585 0.008816715042678218 0.008778468267546082 0.008740829079415065 0.008703768316359089 0.008667258644350648 0.00863127444873527 0.008595791741857716 0.008560788084541443 0.008526242519349064 0.00849213551373793 0.008458448911419732 0.008425165890419485 0.008392270926456698 0.008359749760450098 0.008327589369074382 0.00829577793740161 0.0082643048328298 0.008233160579533036 0.008202336832832544 0.00817182635293121 0.008141622977564593 0.008111721593166943 0.008082118104232303 0.008052809400624012 0.008023793322600305 0.00799506862343669 0.007966634929507608 0.007938492697787554 0.00791064317075278 0.007883088328701425 0.00785583083956535 0.00782887400631358 0.007802221712085282 0.007775878363230644 0.007749848830467836 0.007724138388390638 0.0076987526535998 0.007673697521745352 0.007648979103801708 0.007624603661905694 0.007600577545106233 0.007576907125388735 0.007553598734343636 0.007530658600854196 0.00750809279016044 0.007485907144689378 0.007464107227003938 0.007442698265208731 0.007421685101179286 0.007401072141910948 0.0073808633143024865 0.007361062023665411 0.007341671116209814 0.00732269284575029 0.007304128844834989 0.007285980100488064 0.007268246934711118 0.007250928989850301 0.00723402521891942 0.007217533880914878 0.007201452541110908 0.007185778076306274 0.0071705066849167606 0.007155633901788497 0.007141154617543146 0.007127063102230353 0.0071133530330153 0.007100017525588265 0.007087049168942834 0.007074440063137869 0.007062181859634542 0.007050265803760513 0.007038682778862488 0.007027423351675453 0.007016477818453321 0.007005836251401913 0.006995488544965429 0.006985424461552476 0.006975633676287511 0.006966105820432944 0.00695683052314279 0.006947797451243844 0.006938996346804071 0.006930417062263541 0.006922049592965458 0.006913884106953854 0.006905910971958461 0.00689812077951724 0.006890504366223457 0.006883052832128444 0.0068757575563496934 0.00686861020996887 0.006861602766328107 0.006854727508840552 0.006847977036466736 0.006841344267004615 0.006834822438359959 0.0068284051079616015 0.006822086150489317 0.006815859754099548 0.006809720415302981 0.006803662932671333 0.0067976823995257885 0.006791774195767176 0.00678593397898823 0.0067801576750074095 0.006774441467947524 0.006768781789983496 0.006763175310856622 0.006757618927265176 0.00675210975220311 0.006746645104340044 0.006741222497501128 0.006735839630305261 0.006730494376027556 0.006725184772701406 0.006719909013532036 0.006714665437612281 0.0067094525209969195 0.006704268868130136 0.006699113203646918 0.006693984364557348 0.006688881292814566 0.00668380302826187 0.006678748701965303 0.006673717529916364 0.006668708807106379 0.006663721901951501 0.006658756251063262 0.0066538113543511655 0.006648886770444158 0.00664398211241119 0.006639097043774873 0.006634231274789736 0.006629384558991545 0.0066245566899672545 0.006619747498371458 0.006614956849145167 0.006610184638930537 0.006605430793671246 0.006600695266381609 0.0065959780350709415 0.006591279100817571 0.006586598485966232 0.006581936232454425 0.006577292400248987 0.0065726670658795665 0.006568060321073247 0.006563472271466848 0.00655890303539997 0.006554352742775178 0.006549821533986784 0.006545309558906127 0.006540816975913239 0.006536343950993255 0.006531890656855616 0.006527457272112681 0.006523043980488164 0.00651865097005862 0.006514278432531047 0.006509926562549803 0.006505595557028635 0.006501285614518825 0.006496996934590123 0.006492729717253671 0.006488484162384799 0.006484260469197771 0.006480058835718757 0.0064758794582956206 0.006471722531124371 0.006467588245798481 0.006463476790878244 0.006459388351488274 0.006455323108926897 0.00645128124030344 0.006447262918193144 0.00644326831031789 0.006439297579241706 0.006435350882096226 0.006431428370315307 0.0064275301894018986 0.006423656478708383 0.006419807371239188 0.0064159829934703925 0.006412183465201824 0.00640840889940656 0.006404659402120964 0.006400935072337039 0.0063972360019285595 0.006393562275576539 0.006389913970728229 0.006386291157564783 0.0063826938989832264 0.006379122250597101 0.006375576260755659 0.006372055970566677 0.0063685614139409544 0.0063650926176519185 0.0063616496013940834 0.006358232377867848 0.006354840952866657 0.0063514753253749705 0.006348135487679717 0.006344821425485281 0.006341533118037052 0.006338270538258685 0.0063350336528866956 0.006331822422616953 0.006328636802255601 0.006325476740874818 0.006322342181970317 0.0063192330636296255 0.00631614931869032 0.006313090874917008 0.0063100576551702505 0.006307049577576727 0.0063040665557066704 0.006301108498746242 0.00629817531167584 0.006295266895441574 0.006292383147134627 0.006289523960160502 0.006286689224417447 0.006283878826462944 0.006281092649689504 0.006278330574491504 0.006275592478425983 0.006272878236386318 0.006270187720759037 0.00626752080158074 0.006264877346701567 0.0062622572219296554 0.006259660291190091 0.006257086416667882 0.006254535458953572 0.006252007277181988 0.006249501729173213 0.006247018671564553 0.006244557959941032 0.006242119448963079 0.0062397029924951995 0.006237308443715704 0.0062349356552448155 0.006232584479248301 0.006230254767556589 0.006227946371764988 0.006225659143339044 0.006223392933713424 0.006221147594391776 0.006218922977032586 0.00621671893354938 0.006214535316187926 0.006212371977618025 0.006210228771008182 0.006208105550108485 0.006206002169320463 0.006203918483774505 0.0062018543493947715 0.006199809622969555 0.0061977841622125 0.006195777825828666 0.006193790473566605 0.006191821966282793 0.00618987216599346 0.006187940935921536 0.006186028140557511 0.00618413364569883 0.006182257318500587 0.006180399027517342 0.006178558642747622 0.006176736035673525 0.006174931079299448 0.006173143648190761 0.006171373618510058 0.006169620868048171 0.006167885276260732 0.006166166724299197 0.006164465095038844 0.006162780273111906 0.006161112144930434 0.006159460598718275 0.0061578255245346505 0.006156206814297537 0.006154604361810546 0.006153018062782705 0.006151447814854921 0.006149893517615922 0.006148355072627703 0.006146832383445424 0.006145325355630822 0.0061438338967786214 0.006142357916530988 0.0061408973265946135 0.006139452040761617 0.00613802197491941 0.006136607047075671 0.0061352071773687995 0.006133822288084065 0.006132452303671343 0.006131097150757894 0.00612975675816492 0.006128431056921616 0.00612711998027918 0.00612582346372469 0.006124541444995298 0.0061232738640973295 0.00612202066331118 0.006120781787209719 0.0061195571826746864 0.006118346798905747 0.006117150587436611 0.006115968502144355 0.006114800499272164 0.006113646537432796 0.006112506577627015 0.006111380583255999 0.006110268520135555 0.006109170356507489 0.006108086063055695 0.0061070156129172035 0.006105958981696973 0.006104916147480075 0.006103887090846129 0.006102871794880934 0.006101870245191566 0.006100882429918645 0.0060999083397494085 0.00609894796792815 0.00609800131027606 0.006097068365195467 0.006096149133688319 0.00609524361936643 0.006094351828465695 0.006093473769853695 0.006092609455044783 0.006091758898213264 0.00609092211620083 0.006090099128529145 0.006089289957411017 0.006088494627759893 0.006087713167198873 0.0060869456060723805 0.006086191977453423 0.006085452317150368 0.006084726663714534 0.006084015058453177 0.006083317545424382 0.006082634171457217 0.006081964986143917 0.0060813100418479656 0.006080669393711219 0.006080043099650794 0.006079431220362933 0.006078833819323278 0.0060782509627826005 0.006077682719771362 0.0060771291620902385 0.006076590364309197 0.00607606640375984 0.006075557360529275 0.006075063317453681 0.006074584360104159 0.006074120576780498 0.006073672058492129 0.006073238898947916 0.006072821194539484 0.006072419044325416 0.006072032550002431 0.0060716618158965065 0.0060713069489328805 0.00607096805860818 0.006070645256971306 0.006070338658587846 0.006070048380510927 0.006069774542252084 0.006069517265738523 0.006069276675282096 0.00606905289754124 0.006068846061472887 0.006068656298295156 0.006068483741440051 0.0060683285265040405 0.006068190791200134 0.00606807067530806 0.006067968320616447 0.006067883870867491 0.006067817471697248 0.006067769270583194 0.006067739416770853 0.006067728061217502 0.0060677353565205955 0.006067761456853841 0.006067806517894457 0.006067870696753591 0.006067954151898856 0.006068057043079843 0.0060681795312547745 0.006068321778510217 0.006068483947975521 0.006068666203751488 0.006068868710816179 0.006069091634950478 0.006069335142648182 0.006069599401029845 0.006069884577758514 0.006070190840949002 0.006070518359077924 0.006070867300901405 0.006071237835357246 0.006071630131479497 0.0060720443583113775 0.00607248068480561 0.006072939279744134 0.006073420311642299 0.006073923948661295 0.006074450358516026 0.006074999708394042 0.006075572164859432 0.006076167893765744 0.006076787060177482 0.006077429828276263 0.006078096361282788 0.006078786821374326 0.006079501369595129 0.006080240165788547 0.006081003368510646 0.00608179113495756 0.006082603620891937 0.006083440980568612 0.006084303366663062 0.00608519093020964 0.00608610382052868 0.006087042185168234 0.0060880061698405175 0.006088995918365785 0.006090011572610958 0.006091053272444936 0.006092121155684314 0.006093215358041285 0.006094336013086869 0.00609548325220128 0.006096657204541861 0.006097857996998535 0.00609908575416823 0.00610034059832173 0.006101622649372436 0.00610293202485683 0.006104268839909186 0.0061056332072443945 0.006107025237141866 0.006108445037432971 0.006109892713487602 0.006111368368208788 0.006112872102030225 0.006114404012910583 0.006115964196334752 0.006117552745317854 0.006119169750411145 0.006120815299707725 0.006122489478856309 0.006124192371074031 0.006125924057156305 0.0061276846155011435 0.006129474122125686 0.0061312926506847465 0.006133140272498951 0.006135017056577211 0.006136923069645148 0.0061388583761723785 0.006140823038403664 0.006142817116391557 0.00614484066802655 0.006146893749076224 0.006148976413216516 0.006151088712072528 0.006153230695253061 0.006155402410392032 0.0061576039031886395 0.006159835217444636 0.006162096395108931 0.006164387476320333 0.006166708499444973 0.0061690595011247695 0.0061714405163186105 0.006173851578345744 0.006176292718928994 0.0061787639682413 0.006181265354947951 0.006183796906250222 0.006186358647931067 0.0061889506043984145 0.006191572798728589 0.0061942252527118664 0.00619690798689191 0.006199621020612448 0.006202364372057184 0.00620513805829316 0.0062079420953144605 0.006210776498081049 0.00621364128055419 0.006216536455748302 0.006219462035761929 0.006222418031815271 0.006225404454293504 0.006228421312780311 0.0062314686160948995 0.006234546372329014 0.006237654588880659 0.006240793272489742 0.006243962429266149 0.006247162064728894 0.006250392183834474 0.00625365279100655 0.0062569438901663 0.0062602654847627275 0.006263617577799259 0.0062670001718614305 0.006270413269141847 0.006273856871467954 0.006277330980325149 0.006280835596877156 0.006284370721995023 0.0062879363562737805 0.006291532500055341 0.006295159153447904 0.006298816316347384 0.006302503988452638 0.006306222169281441 0.006309970858193482 0.00631375005440379 0.006317559756991187 0.006321399964924359 0.006325270677063816 0.006329171892183841 0.006333103608978599 0.006337065826075013 0.006341058542047654 0.006345081755419025 0.006349135464680898 0.0063532196682921935 0.006357334364692991 0.006361479552311442 0.006365655229568069 0.006369861394884176 0.0063740980466870266 0.006378365183413437 0.006382662803515168 0.006386990905465443 0.006391349487758216 0.006395738548912374 0.0064001580874791806 0.006404608102035493 0.006409088591194187 0.0064135995536008005 0.0064181409879335545 0.006422712892909768 0.006427315267279071 0.006431948109827645 0.0064366114193753045 0.0064413051947778115 0.006446029434922036 0.006450784138728599 0.006455569305148368 0.006460384933158267 0.0064652310217640585 0.006470107569995478 0.006475014576903536 0.0064799520415584335 0.0064849199630459126 0.006489918340467877 0.006494947172933546 0.006500006459560859 0.006505096199471578 0.006510216391787851 0.0065153670356277015 0.006520548130105306 0.006525759674320145 0.006531001667360148 0.006536274108296734 0.006541576996173861 0.006546910330016663 0.006552274108815547 0.0065576683315303206 0.006563092997083379 0.006568548104355469 0.006574033652180908 0.006579549639345579 0.006585096064585416 0.006590672926576617 0.0065962802239383 0.006601917955224551 0.006607586118920437 0.006613284713444336 0.0066190137371368194 0.006624773188263905 0.006630563065009089 0.006636383365474052 0.00664223408767345 0.006648115229530006 0.006654026788878917 0.006659968763455998 0.006665941150902641 0.006671943948761991 0.006677977154471712 0.006684040765368993 0.006690134778683644 0.006696259191537823 0.006702414000946991 0.006708599203816691 0.006714814796936766 0.006721060776989521 0.0067273371405422696 0.00673364388404813 0.006739981003846972 0.006746348496162977 0.006752746357106748 0.006759174582675935 0.006765633168750191 0.00677212211109917 0.006778641405380528 0.006785191047134825 0.006791771031798379 0.00679838135469675 0.006805022011046949 0.006811692995961839 0.00681839430444837 0.006825125931415637 0.006831887871673013 0.006838680119935597 0.006845502670823758 0.006852355518869487 0.006859238658519913 0.006866152084140055 0.006873095790015172 0.006880069770358282 0.006887074019314574 0.00689410853096113 0.006901173299317647 0.006908268318350801 0.006915393581974541 0.006922549084065563 0.006929734818457626 0.006936950778957544 0.006944196959344613 0.006951473353384975 0.00695877995482775 0.006966116757423458 0.006973483754925457 0.006980880941096737 0.00698830830972353 0.006995765854616563 0.007003253569625515 0.007010771448641986 0.007018319485616011 0.0070258976745565 0.007033506009547799 0.007041144484754655 0.007048813094434132 0.007056511832949484 0.007064240694770431 0.007071999674495234 0.00707978876685307 0.0070876079667223915 0.007095457269134662 0.007103336669291982 0.007111246162575468 0.00711918574455985 0.007127155411021559 0.007135155157956845 0.007143184981589741 0.0071512448783874645 0.007159334845073536 0.007167454878638806 0.007175604976358754 0.0071837851358016 0.007191995354848456 0.007200235631703294 0.00720850596490985 0.007216806353364484 0.00722513679633128 0.007233497293455285 0.007241887844780518 0.007250308450765276 0.007258759112294106 0.007267239830697422 0.007275750607760513 0.007284291445751301 0.00729286234742189 0.007301463316036372 0.007310094355382585 0.00731875546978844 0.0073274466641357365 0.007336167943886099 0.007344919315087833 0.007353700784395051 0.007362512359089535 0.007371354047095675 0.007380225856995337 0.0073891277980455495 0.007398059880199938 0.007407022114123526 0.007416014511207123 0.007425037083594988 0.007434089844189791 0.007443172806679073 0.007452285985552671 0.007461429396118085 0.0074706030545177516 0.007479806977751162 0.00748904118368909 0.007498305691093973 0.0075076005196362885 0.00751692568991665 0.007526281223477073 0.00753566714282599 0.00754508347145386 0.007554530233851115 0.00756400745552413 0.007573515163018646 0.007583053383933303 0.007592622146941533 0.0076022214818049485 0.0076118514193959765 0.0076215119917120815 0.007631203231897405 0.007640925174258696 0.0076506778542821206 0.007660461308652973 0.007670275575269551 0.007680120693268329 0.007689996703035852 0.007699903646221134 0.007709841565765741 0.007719810505911421 0.007729810512218612 0.007739841631587309 0.007749903912267711 0.007759997403882446 0.007770122157440633 0.007780278225354286 0.007790465661454901 0.007800684521010204 0.007810934860737258 0.007821216738823418 0.007831530214935645 0.007841875350243195 0.007852252207425846 0.007862660850691252 0.007873101345793576 0.007883573760041252 0.00789407816231772 0.007904614623092963 0.007915183214437859 0.007925784010036819 0.007936417085205776 0.007947082516896825 0.007957780383721587 0.007968510765955769 0.007979273745557956 0.007990069406179941 0.008000897833176595 0.00801175911362095 0.008022653336311253 0.00803358059179228 0.008044540972353154 0.008055534572048767 0.008066561486704989 0.008077621813931552 0.00808871565313041 0.008099843105505152 0.00811100427407682 0.008122199263678683 0.008133428180981535 0.00814469113449505 0.008155988234569742 0.008167319593418645 0.008178685325112116 0.008190085545595681 0.008201520372684913 0.008212989926084662 0.00822449432738993 0.00823603370009234 0.008247608169583568 0.008259217863162976 0.008270862910046205 0.008282543441363947 0.008294259590169212 0.00830601149144127 0.008317799282090107 0.008329623100957778 0.008341483088827546 0.008353379388415629 0.00836531214438394 0.008377281503336373 0.008389287613823194 0.008401330626344803 0.008413410693341472 0.008425527969210395 0.008437682610294739 0.008449874774883456 0.00846210462321771 0.008474372317482048 0.008486678021811144 0.008499021902283395 0.008511404126918296 0.008523824865676644 0.008536284290459257 0.008548782575095275 0.008561319895349846 0.008573896428914707 0.008586512355402613 0.00859916785634409 0.008611863115189284 0.008624598317285704 0.008637373649890838 0.008650189302150708 0.008663045465106973 0.008675942331676697 0.008688880096653674 0.00870185895669665 0.00871487911032456 0.008727940757902222 0.008741044101632105 0.008754189345547942 0.00876737669550512 0.008780606359163305 0.00879387854598319 0.008807193467206301 0.008820551335851315 0.008833952366695888 0.008847396776266022 0.008860884782825382 0.008874416606353295 0.008887992468536204 0.008901612592748255 0.008915277204042666 0.008928986529128087 0.008942740796354058 0.00895654023569625 0.008970385078732155 0.008984275558633214 0.008998211910135263 0.00901219436951957 0.009026223174600789 0.009040298564699454 0.009054420780621771 0.009068590064634126 0.009082806660446571 0.009097070813180697 0.009111382769351134 0.009125742776841484 0.009140151084872896 0.009154607943980857 0.009169113605986497 0.009183668323970391 0.009198272352237807 0.009212925946293934 0.009227629362808526 0.009242382859594798 0.009257186695557336 0.00927204113067493 0.00928694642596122 0.009301902843425781 0.009316910646038862 0.009331970097693952 0.009347081463167942 0.009362245008085242 0.009377460998865751 0.009392729702694077 0.00940805138747125 0.009423426321766888 0.00943885477477349 0.009454337016263414 0.009469873316532283 0.009485463946354994 0.009501109176929914 0.00951680927982542 0.009532564526923509 0.009548375190366717 0.009564241542492816 0.009580163855781884 0.009596142402785177 0.00961217745607091 0.009628269288152963 0.009644418171418326 0.009647141929114924 
Validation Error
0.5716001155721724 0.036446361236799445 0.018098722739488076 0.010142407656925093 0.007756124872529556 0.006262085544885697 0.005059296305237179 0.004106640894067049 0.0033984819270086327 0.0029040085747507206 0.002566093064599912 0.002330426999868779 0.0021593338382023546 0.0020296587129677505 0.0019275064682620388 0.0018443932926068651 0.0017749759914554417 0.0017157719380933676 0.0016644312906923147 0.0016193132645907825 0.0015792331958757182 0.0015433080712026284 0.0015108601588924616 0.0014813555901460392 0.0014543643230935021 0.001429533407936162 0.0014065686742860749 0.0013852218580580054 0.0013652813198810803 0.0013465651922748496 0.0013289162107339308 0.0013121977414923573 0.0012962906795816458 0.0012810909927545222 0.0012665077526530348 0.0012524615380261823 0.0012388831242318673 0.001225712393851195 0.0012128974182028184 0.0012003936708565935 0.001188163343152599 0.0011761747389884506 0.001164401732186354 0.0011528232748217475 0.0011414229490152215 0.0011301885577163044 0.0011191117515081126 0.0011081876875720141 0.0010974147121579371 0.001086794046874597 0.0010763294392537367 0.0010660267091818917 0.0010558930946796118 0.0010459363053998696 0.0010361632880613843 0.0010265789281587298 0.0010171851409129262 0.001007980752803625 9.989621354386355E-4 9.901241419575232E-4 9.81460946231078E-4 9.729666860475318E-4 9.64635946263975E-4 9.564640802956423E-4 9.484473458355477E-4 9.405828682784884E-4 9.328684866526851E-4 9.253025476112034E-4 9.178836990320915E-4 9.106107131484132E-4 9.034823508957863E-4 8.964972676095732E-4 8.896539544778372E-4 8.829507082427835E-4 8.763856217962521E-4 8.699565893563312E-4 8.636613211954343E-4 8.574973641010012E-4 8.514621247747577E-4 8.455528941909627E-4 8.397668715588166E-4 8.341011870017853E-4 8.285529224103208E-4 8.231191301707692E-4 8.177968496480281E-4 8.125831214190588E-4 8.074749993323149E-4 8.024695605172925E-4 7.975639134955236E-4 7.927552045543098E-4 7.880406225465452E-4 7.834174022711394E-4 7.788828265783772E-4 7.744342273284225E-4 7.700689853164797E-4 7.657845292597807E-4 7.615783339270963E-4 7.574479174739986E-4 7.533908380338202E-4 7.494046896011025E-4 7.454870972334592E-4 7.416357115897507E-4 7.378482028183493E-4 7.341222538099244E-4 7.304555528349856E-4 7.268457856027819E-4 7.232906268045158E-4 7.197877312447681E-4 7.163347247258864E-4 7.129291949334165E-4 7.095686826811958E-4 7.062506740169987E-4 7.029725938590262E-4 6.997318020270649E-4 6.965255927269957E-4 6.933511987090332E-4 6.902058013883601E-4 6.87086548101735E-4 6.839905772660362E-4 6.809150513797673E-4 6.778571964884362E-4 6.748143449379482E-4 6.71783976200947E-4 6.687637487964162E-4 6.657515156524818E-4 6.627453166263305E-4 6.597433459500299E-4 6.56743898916053E-4 6.537453096334918E-4 6.507458974721702E-4 6.4774394094343E-4 6.447376926790437E-4 6.41725438915975E-4 6.387055950319199E-4 6.356768196073768E-4 6.326381262027512E-4 6.295889747811159E-4 6.265293313350048E-4 6.234596917942959E-4 6.203810723765895E-4 6.172949722238186E-4 6.142033156259052E-4 6.111083810831589E-4 6.080127236331517E-4 6.049190957592066E-4 6.018303710588721E-4 5.987494737713626E-4 5.956793162802137E-4 5.926227458294666E-4 5.895825009437256E-4 5.865611774351114E-4 5.835612034246937E-4 5.805848224956898E-4 5.776340839177157E-4 5.747108388100332E-4 5.718167411256124E-4 5.689532524073152E-4 5.661216493745432E-4 5.633230335232687E-4 5.60558342051529E-4 5.578283595477587E-4 5.551337299942183E-4 5.524749687395025E-4 5.498524741814175E-4 5.472665389746185E-4 5.447173606368248E-4 5.422050514754322E-4 5.397296477931875E-4 5.372911183604448E-4 5.348893721626327E-4 5.325242654461438E-4 5.30195608097145E-4 5.27903169393947E-4 5.256466831773951E-4 5.23425852485337E-4 5.21240353697342E-4 5.19089840234347E-4 5.169739458558662E-4 5.148922875951477E-4 5.128444683692333E-4 5.108300792983208E-4 5.088487017653394E-4 5.068999092438502E-4 5.049832689194728E-4 5.030983431272341E-4 5.012446906246277E-4 4.994218677182637E-4 4.976294292592364E-4 4.958669295212942E-4 4.94133922973403E-4 4.924299649576455E-4 4.907546122814954E-4 4.891074237329382E-4 4.8748796052577815E-4 4.858957866816555E-4 4.843304693549551E-4 4.827915791059453E-4 4.8127869012725447E-4 4.797913804285202E-4 4.7832923198347393E-4 4.7689183084379563E-4 4.754787672238046E-4 4.740896355596071E-4 4.727240345465737E-4 4.713815671586109E-4 4.7006184065245045E-4 4.6876446656025504E-4 4.674890606735494E-4 4.6623524302108515E-4 4.650026378433742E-4 4.63790873566246E-4 4.625995827753441E-4 4.6142840219363555E-4 4.6027697266325617E-4 4.5914493913326186E-4 4.580319506540391E-4 4.5693766037932905E-4 4.558617255764027E-4 4.548038076442976E-4 4.5376357214054895E-4 4.5274068881593726E-4 4.5173483165690244E-4 4.507456789351116E-4 4.4977291326336893E-4 4.488162216570571E-4 4.478752956001561E-4 4.469498311148324E-4 4.4603952883344087E-4 4.451440940720296E-4 4.442632369040571E-4 4.433966722333187E-4 4.425441198650431E-4 4.417053045741479E-4 4.4087995616961785E-4 4.400678095542029E-4 4.39268604778619E-4 4.38482087089533E-4 4.377080069705712E-4 4.3694612017594825E-4 4.361961877561079E-4 4.354579760751455E-4 4.3473125681956653E-4 4.3401580699829886E-4 4.3331140893373304E-4 4.326178502438956E-4 4.3193492381558206E-4 4.3126242776887866E-4 4.306001654128577E-4 4.299479451930909E-4 4.2930558063089937E-4 4.2867289025511215E-4 4.2804969752633715E-4 4.2743583075444027E-4 4.2683112300956984E-4 4.2623541202728703E-4 4.256485401083847E-4 4.250703540136985E-4 4.245007048547486E-4 4.239394479805201E-4 4.233864428610511E-4 4.2284155296835424E-4 4.2230464565514727E-4 4.2177559203196685E-4 4.212542668431068E-4 4.207405483420037E-4 4.202343181663642E-4 4.197354612134366E-4 4.1924386551617324E-4 4.187594221202332E-4 4.182820249625236E-4 4.1781157075140824E-4 4.173479588489644E-4 4.16891091155665E-4 4.1644087199749815E-4 4.1599720801594706E-4 4.1556000806104607E-4 4.151291830873726E-4 4.1470464605363556E-4 4.142863118253757E-4 4.138740970814353E-4 4.1346792022386303E-4 4.130677012914741E-4 4.1267336187710083E-4 4.122848250484939E-4 4.1190201527286936E-4 4.1152485834508487E-4 4.111532813195049E-4 4.1078721244523786E-4 4.104265811050262E-4 4.100713177574541E-4 4.0972135388240335E-4 4.093766219300346E-4 4.0903705527242846E-4 4.087025881586998E-4 4.0837315567277384E-4 4.080486936940512E-4 4.077291388607269E-4 4.074144285357575E-4 4.071045007751564E-4 4.067992942987892E-4 4.0649874846326937E-4 4.062028032369921E-4 4.05911399177183E-4 4.0562447740888455E-4 4.0534197960563064E-4 4.050638479717819E-4 4.0479002522651806E-4 4.0452045458929775E-4 4.0425507976650797E-4 4.039938449397205E-4 4.037366947548242E-4 4.0348357431240785E-4 4.0323442915927684E-4 4.0298920528069053E-4 4.0274784909371224E-4 4.0251030744115014E-4 4.022765275864146E-4 4.0204645720896E-4 4.018200444004602E-4 4.015972376613603E-4 4.0137798589815404E-4 4.011622384209997E-4 4.009499449417395E-4 4.007410555724028E-4 4.0053552082401514E-4 4.0033329160555904E-4 4.0013431922345275E-4 3.9993855538097506E-4 3.9974595217816413E-4 3.99556462111693E-4 3.993700380749422E-4 3.991866333581754E-4 3.9900620164880907E-4 3.988286970318495E-4 3.9865407399026066E-4 3.984822874054087E-4 3.983132925575181E-4 3.9814704512615944E-4 3.9798350119058835E-4 3.9782261723045104E-4 3.976643501258153E-4 3.975086571577714E-4 3.9735549600865164E-4 3.9720482476227525E-4 3.9705660190402864E-4 3.9691078632104863E-4 3.9676733730207317E-4 3.966262145374639E-4 3.964873781190493E-4 3.963507885396988E-4 3.962164066930378E-4 3.9608419387292227E-4 3.959541117728506E-4 3.9582612248533123E-4 3.9570018850100075E-4 3.955762727077436E-4 3.954543383897311E-4 3.953343492263133E-4 3.9521626929063124E-4 3.95100063048567E-4 3.949856953571763E-4 3.9487313146318394E-4 3.9476233700139684E-4 3.946532779930108E-4 3.945459208437792E-4 3.9444023234218995E-4 3.9433617965741136E-4 3.942337303374121E-4 3.941328523065679E-4 3.9403351386375093E-4 3.9393568367986515E-4 3.938393307955104E-4 3.9374442461863937E-4 3.9365093492204224E-4 3.9355883184081245E-4 3.9346808586983436E-4 3.933786678609837E-4 3.932905490205375E-4 3.932037009064716E-4 3.9311809542553317E-4 3.9303370483059584E-4 3.9295050171764295E-4 3.928684590229838E-4 3.927875500202299E-4 3.9270774831752617E-4 3.926290278542096E-4 3.9255136289829897E-4 3.9247472804304764E-4 3.9239909820410645E-4 3.923244486165191E-4 3.922507548314587E-4 3.9217799271340314E-4 3.9210613843676317E-4 3.9203516848304126E-4 3.919650596376716E-4 3.9189578898681443E-4 3.918273339143709E-4 3.9175967209897553E-4 3.916927815106142E-4 3.916266404077829E-4 3.915612273344245E-4 3.9149652111669664E-4 3.914325008599946E-4 3.9136914594595777E-4 3.913064360292688E-4 3.9124435103487365E-4 3.9118287115467656E-4 3.911219768447569E-4 3.9106164882238335E-4 3.9100186806295315E-4 3.9094261579701253E-4 3.9088387350748343E-4 3.9082562292670124E-4 3.9076784603344044E-4 3.9071052505007666E-4 3.9065364243982007E-4 3.905971809038185E-4 3.9054112337839366E-4 3.9048545303227775E-4 3.9043015326366086E-4 3.9037520769771026E-4 3.903206001837938E-4 3.9026631479260237E-4 3.902123358138458E-4 3.9015864775320273E-4 3.90105235330041E-4 3.9005208347454737E-4 3.899991773254079E-4 3.8994650222713603E-4 3.8989404372741937E-4 3.898417875748949E-4 3.8978971971656004E-4 3.897378262952141E-4 3.896860936472167E-4 3.896345082998858E-4 3.8958305696942667E-4 3.8953172655823055E-4 3.894805041527268E-4 3.894293770211718E-4 3.8937833261110257E-4 3.893273585473674E-4 3.8927644262964586E-4 3.8922557283038446E-4 3.8917473729263834E-4 3.891239243277787E-4 3.890731224134046E-4 3.890223201912567E-4 3.889715064649888E-4 3.889206701983335E-4 3.88869800512852E-4 3.888188866858671E-4 3.887679181486746E-4 3.887168844841683E-4 3.8866577542533614E-4 3.886145808529844E-4 3.885632907938239E-4 3.8851189541862604E-4 3.8846038504035055E-4 3.884087501122372E-4 3.8835698122581557E-4 3.8830506910938627E-4 3.8825300462587035E-4 3.882007787710429E-4 3.881483826720257E-4 3.880958075851221E-4 3.880430448943604E-4 3.8799008610958496E-4 3.8793692286468665E-4 3.878835469162148E-4 3.8782995014129346E-4 3.877761245360841E-4 3.8772206221425405E-4 3.876677554050713E-4 3.8761319645194085E-4 3.875583778107161E-4 3.8750329204816525E-4 3.874479318402145E-4 3.8739228997056E-4 3.873363593288901E-4 3.8728013290935804E-4 3.8722360380922264E-4 3.87166765227142E-4 3.871096104614968E-4 3.870521329092578E-4 3.8699432606410875E-4 3.8693618351517576E-4 3.868776989453968E-4 3.868188661301126E-4 3.8675967893557137E-4 3.8670013131751244E-4 3.866402173195814E-4 3.865799310721058E-4 3.8651926679036193E-4 3.864582187734133E-4 3.8639678140258625E-4 3.863349491400347E-4 3.8627271652736625E-4 3.862100781842264E-4 3.861470288069544E-4 3.8608356316701303E-4 3.8601967610993814E-4 3.859553625537834E-4 3.8589061748771293E-4 3.858254359706572E-4 3.8575981313010487E-4 3.8569374416058883E-4 3.8562722432253016E-4 3.855602489407825E-4 3.854928134033339E-4 3.854249131599581E-4 3.8535654372109083E-4 3.8528770065626825E-4 3.8521837959308E-4 3.851485762157837E-4 3.8507828626402666E-4 3.850075055314973E-4 3.849362298649709E-4 3.8486445516262873E-4 3.847921773732186E-4 3.847193924944644E-4 3.8464609657234695E-4 3.845722856992351E-4 3.844979560133186E-4 3.8442310369700503E-4 3.8434772497590694E-4 3.842718161176907E-4 3.8419537343079875E-4 3.841183932635285E-4 3.840408720027327E-4 3.839628060726824E-4 3.8388419193418456E-4 3.8380502608318875E-4 3.8372530505006655E-4 3.836450253982446E-4 3.8356418372335557E-4 3.834827766522682E-4 3.834008008418918E-4 3.8331825297832384E-4 3.8323512977598217E-4 3.831514279763904E-4 3.8306714434751344E-4 3.829822756828197E-4 3.8289681880027143E-4 3.8281077054162934E-4 3.827241277715689E-4 3.8263688737679347E-4 3.8254904626548286E-4 3.824606013662308E-4 3.823715496275025E-4 3.8228188801703013E-4 3.82191613520931E-4 3.8210072314316966E-4 3.8200921390497397E-4 3.819170828442581E-4 3.818243270148976E-4 3.8173094348640266E-4 3.816369293434447E-4 3.81542281685212E-4 3.8144699762509063E-4 3.8135107429028723E-4 3.8125450882152683E-4 3.811572983724469E-4 3.8105944010968096E-4 3.8096093121236445E-4 3.8086176887193365E-4 3.8076195029198624E-4 3.8066147268798876E-4 3.8056033328736657E-4 3.8045852932935907E-4 3.803560580647765E-4 3.802529167560868E-4 3.801491026775561E-4 3.800446131151731E-4 3.799394453665822E-4 3.798335967414493E-4 3.797270645614921E-4 3.796198461607081E-4 3.7951193888527646E-4 3.794033400943252E-4 3.792940471597483E-4 3.791840574667581E-4 3.790733684138837E-4 3.789619774138971E-4 3.78849881893433E-4 3.7873707929397853E-4 3.7862356707208766E-4 3.785093426997658E-4 3.7839440366508703E-4 3.782787474725138E-4 3.781623716436882E-4 3.7804527371744235E-4 3.7792745125084454E-4 3.7780890181962726E-4 3.776896230186725E-4 3.775696124626106E-4 3.774488677865413E-4 3.7732738664645764E-4 3.772051667200319E-4 3.7708220570715063E-4 3.7695850133057915E-4 3.768340513367206E-4 3.7670885349606377E-4 3.765829056038859E-4 3.7645620548109064E-4 3.7632875097445986E-4 3.7620053995773557E-4 3.7607157033201297E-4 3.7594184002656895E-4 3.7581134699921694E-4 3.756800892371717E-4 3.7554806475765043E-4 3.7541527160832707E-4 3.7528170786827597E-4 3.751473716480281E-4 3.7501226109074563E-4 3.7487637437238233E-4 3.747397097023925E-4 3.7460226532427706E-4 3.7446403951607533E-4 3.743250305909925E-4 3.7418523689758355E-4 3.7404465682059794E-4 3.73903288781253E-4 3.737611312377396E-4 3.736181826854651E-4 3.734744416577307E-4 3.733299067259142E-4 3.731845764999224E-4 3.7303844962840587E-4 3.728915247993533E-4 3.7274380074002315E-4 3.7259527621753304E-4 3.72445950038899E-4 3.722958210514268E-4 3.7214488814279377E-4 3.7199315024140215E-4 3.718406063162822E-4 3.7168725537751394E-4 3.7153309647622746E-4 3.7137812870469E-4 3.7122235119652503E-4 3.710657631265171E-4 3.70908363710959E-4 3.7075015220753714E-4 3.7059112791513544E-4 3.7043129017431763E-4 3.702706383668338E-4 3.701091719157114E-4 3.69946890285376E-4 3.697837929812731E-4 3.6961987954990157E-4 3.6945514957874564E-4 3.692896026961432E-4 3.6912323857099977E-4 3.6895605691271974E-4 3.6878805747107813E-4 3.686192400360692E-4 3.6844960443740374E-4 3.682791505447113E-4 3.68107878267102E-4 3.6793578755278965E-4 3.6776287838915497E-4 3.6758915080225315E-4 3.6741460485669E-4 3.6723924065540413E-4 3.6706305833892635E-4 3.668860580858027E-4 3.667082401118151E-4 3.6652960466984684E-4 3.6635015204938224E-4 3.6616988257642396E-4 3.659887966132194E-4 3.6580689455769006E-4 3.656241768432981E-4 3.6544064393852715E-4 3.6525629634692725E-4 3.6507113460637966E-4 3.6488515928895373E-4 3.6469837100051443E-4 3.645107703804392E-4 3.643223581012834E-4 3.641331348684709E-4 3.6394310141980553E-4 3.637522585252591E-4 3.63560606986772E-4 3.6336814763765154E-4 3.6317488134231317E-4 3.6298080899616227E-4 3.6278593152506066E-4 3.625902498850134E-4 3.623937650619437E-4 3.6219647807135926E-4 3.6199838995803856E-4 3.617995017956383E-4 3.615998146865789E-4 3.613993297615366E-4 3.6119804817926556E-4 3.609959711263258E-4 3.6079309981672594E-4 3.605894354917E-4 3.603849794195005E-4 3.601797328950397E-4 3.599736972395861E-4 3.597668738005433E-4 3.595592639513715E-4 3.5935086909109876E-4 3.5914169064418577E-4 3.58931730060349E-4 3.5872098881429567E-4 3.5850946840548315E-4 3.5829717035782235E-4 3.5808409621985017E-4 3.5787024756392177E-4 3.5765562598649454E-4 3.574402331079162E-4 3.5722407057185945E-4 3.570071400457312E-4 3.5678944322004106E-4 3.5657098180830985E-4 3.5635175754719525E-4 3.561317721958985E-4 3.559110275366304E-4 3.5568952537373184E-4 3.554672675343598E-4 3.5524425586742886E-4 3.550204922444998E-4 3.547959785588192E-4 3.5457071672591735E-4 3.543447086828504E-4 3.5411795638861136E-4 3.538904618238142E-4 3.5366222699069266E-4 3.5343325391296455E-4 3.5320354463581915E-4 3.529731012258438E-4 3.5274192577080404E-4 3.5251002037997115E-4 3.5227738718364405E-4 3.520440283334758E-4 3.5180994600209726E-4 3.5157514238335643E-4 3.513396196922137E-4 3.5110338016457437E-4 3.5086642605742873E-4 3.5062875964887935E-4 3.503903832379584E-4 3.5015129914466226E-4 3.4991150971006973E-4 3.496710172962638E-4 3.494298242862488E-4 3.491879330842436E-4 3.489453461152242E-4 3.487020658254209E-4 3.4845809468206303E-4 3.4821343517337807E-4 3.4796808980883695E-4 3.4772206111893046E-4 3.4747535165536686E-4 3.4722796399100597E-4 3.469799007199192E-4 3.46731164457493E-4 3.464817578403166E-4 3.462316835264365E-4 3.459809441950917E-4 3.4572954254708356E-4 3.454774813046075E-4 3.45224763211367E-4 3.449713910326058E-4 3.447173675552211E-4 3.444626955876397E-4 3.442073779599845E-4 3.439514175241399E-4 3.436948171538675E-4 3.4343757974454045E-4 3.4317970821364603E-4 3.42921205500382E-4 3.4266207456601057E-4 3.4240231839388613E-4 3.421419399893489E-4 3.418809423797931E-4 3.416193286149215E-4 3.4135710176649235E-4 3.410942649286384E-4 3.40830821217652E-4 3.4056677377226294E-4 3.403021257534622E-4 3.400368803448109E-4 3.3977104075207234E-4 3.395046102037367E-4 3.3923759195059254E-4 3.3896998926608203E-4 3.3870180544630824E-4 3.3843304380970626E-4 3.3816370769748963E-4 3.3789380047358555E-4 3.376233255243584E-4 3.373522862590095E-4 3.370806861093098E-4 3.3680852852985987E-4 3.365358169978393E-4 3.3626255501306387E-4 3.359887460982516E-4 3.357143937986304E-4 3.3543950168223285E-4 3.35164073339712E-4 3.3488811238431863E-4 3.34611622451968E-4 3.343346072014306E-4 3.340570703137612E-4 3.337790154926673E-4 3.335004464644428E-4 3.3322136697778537E-4 3.329417808039918E-4 3.326616917364854E-4 3.323811035913435E-4 3.321000202067171E-4 3.3181844544309403E-4 3.315363831830746E-4 3.312538373313972E-4 3.309708118148438E-4 3.306873105820504E-4 3.304033376035152E-4 3.3011889687162396E-4 3.29833992400277E-4 3.295486282250572E-4 3.2926280840302235E-4 3.2897653701255083E-4 3.286898181532397E-4 3.2840265594595753E-4 3.281150545323905E-4 3.2782701807526805E-4 3.275385507580075E-4 3.2724965678457377E-4 3.269603403795204E-4 3.266706057875909E-4 3.2638045727368184E-4 3.2608989912284557E-4 3.257989356398401E-4 3.255075711490765E-4 3.2521580999452714E-4 3.249236565394403E-4 3.246311151661525E-4 3.243381902759979E-4 3.240448862890377E-4 3.2375120764381756E-4 3.2345715879727104E-4 3.231627442244293E-4 3.2286796841821385E-4 3.2257283588927124E-4 3.222773511656245E-4 3.219815187926277E-4 3.2168534333258344E-4 3.213888293645416E-4 3.210919814839754E-4 3.207948043027688E-4 3.2049730244867184E-4 3.201994805653063E-4 3.1990134331160125E-4 3.196028953618495E-4 3.1930414140526566E-4 3.1900508614552325E-4 3.187057343009312E-4 3.184060906037524E-4 3.181061598000687E-4 3.1780594664946926E-4 3.175054559246644E-4 3.172046924113473E-4 3.1690366090787015E-4 3.1660236622476886E-4 3.163008131845134E-4 3.1599900662132184E-4 3.156969513806431E-4 3.1539465231901866E-4 3.15092114303588E-4 3.147893422118752E-4 3.144863409313255E-4 3.141831153591072E-4 3.138796704017025E-4 3.13576010974575E-4 3.1327214200174756E-4 3.1296806841559687E-4 3.126637951563955E-4 3.1235932717195967E-4 3.120546694171904E-4 3.117498268540789E-4 3.114448044509189E-4 3.111396071821396E-4 3.1083424002789335E-4 3.1052870797379403E-4 3.102230160102437E-4 3.099171691324819E-4 3.096111723398889E-4 3.0930503063572904E-4 3.0899874902682494E-4 3.0869233252286174E-4 3.083857861364692E-4 3.0807911488255557E-4 3.0777232377795583E-4 3.074654178410728E-4 3.071584020915345E-4 3.068512815496235E-4 3.0654406123621164E-4 3.0623674617209296E-4 3.059293413776667E-4 3.05621851872637E-4 3.053142826754699E-4 3.0500663880311937E-4 3.046989252705816E-4 3.04391147090641E-4 3.040833092731864E-4 3.037754168252072E-4 3.0346747474995915E-4 3.031594880470415E-4 3.02851461711626E-4 3.025434007343382E-4 3.022353101007892E-4 3.019271947910017E-4 3.016190597793057E-4 3.0131091003382087E-4 3.0100275051608263E-4 3.0069458618072874E-4 3.0038642197493723E-4 3.0007826283830473E-4 2.997701137022942E-4 2.994619794899293E-4 2.991538651153284E-4 2.988457754835213E-4 2.9853771548980914E-4 2.9822969001977077E-4 2.9792170394861493E-4 2.976137621407818E-4 2.973058694498391E-4 2.969980307178358E-4 2.966902507752798E-4 2.9638253444049526E-4 2.960748865193613E-4 2.957673118050873E-4 2.954598150775945E-4 2.9515240110357285E-4 2.948450746358401E-4 2.945378404130222E-4 2.9423070315941154E-4 2.9392366758451927E-4 2.9361673838255786E-4 2.933099202325887E-4 2.93003217797894E-4 2.926966357255281E-4 2.923901786463981E-4 2.9208385117458785E-4 2.917776579073923E-4 2.9147160342472177E-4 2.9116569228894304E-4 2.9085992904459004E-4 2.905543182181933E-4 2.90248864317619E-4 2.899435718322462E-4 2.896384452324232E-4 2.8933348896924277E-4 2.890287074742937E-4 2.887241051594536E-4 2.884196864165304E-4 2.8811545561704266E-4 2.8781141711198575E-4 2.875075752316841E-4 2.872039342852678E-4 2.8690049856073E-4 2.865972723245842E-4 2.8629425982150245E-4 2.859914652744324E-4 2.8568889288393333E-4 2.853865468283307E-4 2.850844312633235E-4 2.847825503218159E-4 2.8448090811365116E-4 2.841795087255869E-4 2.838783562208965E-4 2.83577454639223E-4 2.8327680799659336E-4 2.8297642028491716E-4 2.826762954720125E-4 2.8237643750146445E-4 2.820768502922634E-4 2.81777537738809E-4 2.8147850371063797E-4 2.8117975205233474E-4 2.808812865834317E-4 2.805831110980251E-4 2.80285229364848E-4 2.7998764512720154E-4 2.7969036210246273E-4 2.793933839822016E-4 2.790967144320415E-4 2.7880035709159127E-4 2.7850431557401923E-4 2.7820859346617855E-4 2.779131943285211E-4 2.776181216948079E-4 2.773233790721781E-4 2.7702896994081383E-4 2.767348977540198E-4 2.764411659380048E-4 2.76147777891934E-4 2.7585473698757564E-4 2.755620465694705E-4 2.752697099545871E-4 2.7497773043243663E-4 2.7468611126495716E-4 2.743948556861985E-4 2.7410396690249474E-4 2.738134480922645E-4 2.7352330240593256E-4 2.73233532965838E-4 2.729441428662504E-4 2.72655135173062E-4 2.7236651292390085E-4 2.72078279128117E-4 2.7179043676637643E-4 2.7150298879097777E-4 2.712159381254137E-4 2.709292876645361E-4 2.7064304027452757E-4 2.703571987925551E-4 2.700717660268073E-4 2.69786744756574E-4 2.6950213773193726E-4 2.6921794767376567E-4 2.689341772737844E-4 2.686508291942436E-4 2.683679060678675E-4 2.6808541049799057E-4 2.6780334505833975E-4 2.675217122927321E-4 2.672405147153373E-4 2.66959754810364E-4 2.6667943503200296E-4 2.663995578042271E-4 2.661201255209399E-4 2.658411405455876E-4 2.655626052112526E-4 2.652845218202808E-4 2.6500689264437083E-4 2.647297199244851E-4 2.6445300587048183E-4 2.641767526611372E-4 2.6390096244394823E-4 2.6362563733498933E-4 2.6335077941874637E-4 2.630763907480296E-4 2.628024733435527E-4 2.6252902919398464E-4 2.6225606025572136E-4 2.619835684526089E-4 2.6171155567582694E-4 2.614400237834692E-4 2.6116897460062605E-4 2.608984099187997E-4 2.606283314960177E-4 2.603587410561904E-4 2.6008964028918097E-4 2.6008964028918097E-4